image_00000 294 180 335 243
image_00001 291 183 344 255
image_00002 283 186 331 249
image_00003 283 186 333 252
image_00004 288 185 329 251
image_00005 303 187 340 249
image_00006 290 201 336 258
image_00007 294 189 335 253
image_00008 299 191 339 254
image_00009 302 207 340 258
image_00010 299 207 344 260
image_00011 298 199 338 256
image_00012 294 202 341 262
image_00013 301 203 343 268
image_00014 297 200 347 256
image_00015 294 196 351 265
image_00016 298 180 340 233
image_00017 290 184 339 235
image_00018 301 186 343 237
image_00019 300 186 344 242
image_00020 298 180 345 242
image_00021 302 186 349 243
image_00022 291 181 349 243
image_00023 309 189 344 241
image_00024 314 187 347 238
image_00025 308 191 345 241
image_00026 300 192 341 243
image_00027 310 192 346 248
image_00028 303 187 344 247
image_00029 309 187 343 244
image_00030 297 185 346 248
image_00031 301 186 350 251
image_00032 303 187 349 248
image_00033 306 185 348 245
image_00034 300 190 340 241
image_00035 302 195 345 245
image_00036 305 194 343 247
image_00037 300 188 345 241
image_00038 300 189 345 244
image_00039 305 195 354 247
image_00040 314 196 351 246
image_00041 301 191 350 247
image_00042 319 197 354 252
image_00043 312 191 350 245
image_00044 313 193 356 252
image_00045 314 194 354 242
image_00046 309 186 351 238
image_00047 312 191 354 241
image_00048 312 189 350 240
image_00049 318 192 354 242
image_00050 315 188 352 240
image_00051 315 191 346 234
image_00052 312 185 352 242
image_00053 302 191 342 238
image_00054 309 190 350 244
image_00055 306 188 352 246
image_00056 313 187 351 249
image_00057 310 186 351 243
image_00058 314 189 351 245
image_00059 306 187 347 242
image_00060 298 198 342 247
image_00061 314 187 347 245
image_00062 303 187 348 241
image_00063 311 191 342 243
